solid vcg
  facet normal 0.000000e+000 -9.975953e-001 6.930888e-002
    outer loop
      vertex  0.000000e+000 -1.000000e+000 0.000000e+000
      vertex  6.930859e-002 -9.951847e-001 6.930859e-002
      vertex  -6.930859e-002 -9.951847e-001 6.930859e-002
    endloop
  endfacet
  facet normal 6.930888e-002 -9.975953e-001 0.000000e+000
    outer loop
      vertex  0.000000e+000 -1.000000e+000 0.000000e+000
      vertex  6.930859e-002 -9.951847e-001 -6.930859e-002
      vertex  6.930859e-002 -9.951847e-001 6.930859e-002
    endloop
  endfacet
  facet normal 0.000000e+000 -9.975953e-001 -6.930888e-002
    outer loop
      vertex  0.000000e+000 -1.000000e+000 0.000000e+000
      vertex  -6.930859e-002 -9.951847e-001 -6.930859e-002
      vertex  6.930859e-002 -9.951847e-001 -6.930859e-002
    endloop
  endfacet
  facet normal -6.930888e-002 -9.975953e-001 0.000000e+000
    outer loop
      vertex  0.000000e+000 -1.000000e+000 0.000000e+000
      vertex  -6.930859e-002 -9.951847e-001 6.930859e-002
      vertex  -6.930859e-002 -9.951847e-001 -6.930859e-002
    endloop
  endfacet
  facet normal -6.707519e-001 -4.900875e-002 7.400608e-001
    outer loop
      vertex  -7.071068e-001 0.000000e+000 7.071068e-001
      vertex  -7.037019e-001 -9.801714e-002 7.037019e-001
      vertex  -6.343933e-001 0.000000e+000 7.730104e-001
    endloop
  endfacet
  facet normal -7.400608e-001 4.900875e-002 6.707519e-001
    outer loop
      vertex  -7.071068e-001 0.000000e+000 7.071068e-001
      vertex  -7.037019e-001 9.801714e-002 7.037019e-001
      vertex  -7.730104e-001 0.000000e+000 6.343933e-001
    endloop
  endfacet
  facet normal -7.400608e-001 -4.900875e-002 6.707519e-001
    outer loop
      vertex  -7.071068e-001 0.000000e+000 7.071068e-001
      vertex  -7.730104e-001 0.000000e+000 6.343933e-001
      vertex  -7.037019e-001 -9.801714e-002 7.037019e-001
    endloop
  endfacet
  facet normal -6.707519e-001 4.900875e-002 7.400608e-001
    outer loop
      vertex  -7.071068e-001 0.000000e+000 7.071068e-001
      vertex  -6.343933e-001 0.000000e+000 7.730104e-001
      vertex  -7.037019e-001 9.801714e-002 7.037019e-001
    endloop
  endfacet
  facet normal 7.400608e-001 -4.900875e-002 6.707519e-001
    outer loop
      vertex  7.071068e-001 0.000000e+000 7.071068e-001
      vertex  7.037019e-001 -9.801714e-002 7.037019e-001
      vertex  7.730104e-001 0.000000e+000 6.343933e-001
    endloop
  endfacet
  facet normal 6.707519e-001 4.900875e-002 7.400608e-001
    outer loop
      vertex  7.071068e-001 0.000000e+000 7.071068e-001
      vertex  7.037019e-001 9.801714e-002 7.037019e-001
      vertex  6.343933e-001 0.000000e+000 7.730104e-001
    endloop
  endfacet
  facet normal 6.707519e-001 -4.900875e-002 7.400608e-001
    outer loop
      vertex  7.071068e-001 0.000000e+000 7.071068e-001
      vertex  6.343933e-001 0.000000e+000 7.730104e-001
      vertex  7.037019e-001 -9.801714e-002 7.037019e-001
    endloop
  endfacet
  facet normal 7.400608e-001 4.900875e-002 6.707519e-001
    outer loop
      vertex  7.071068e-001 0.000000e+000 7.071068e-001
      vertex  7.730104e-001 0.000000e+000 6.343933e-001
      vertex  7.037019e-001 9.801714e-002 7.037019e-001
    endloop
  endfacet
  facet normal 6.707519e-001 -4.900875e-002 -7.400608e-001
    outer loop
      vertex  7.071068e-001 0.000000e+000 -7.071068e-001
      vertex  7.037019e-001 -9.801714e-002 -7.037019e-001
      vertex  6.343933e-001 0.000000e+000 -7.730104e-001
    endloop
  endfacet
  facet normal 7.400608e-001 4.900875e-002 -6.707519e-001
    outer loop
      vertex  7.071068e-001 0.000000e+000 -7.071068e-001
      vertex  7.037019e-001 9.801714e-002 -7.037019e-001
      vertex  7.730104e-001 0.000000e+000 -6.343933e-001
    endloop
  endfacet
  facet normal 7.400608e-001 -4.900875e-002 -6.707519e-001
    outer loop
      vertex  7.071068e-001 0.000000e+000 -7.071068e-001
      vertex  7.730104e-001 0.000000e+000 -6.343933e-001
      vertex  7.037019e-001 -9.801714e-002 -7.037019e-001
    endloop
  endfacet
  facet normal 6.707519e-001 4.900875e-002 -7.400608e-001
    outer loop
      vertex  7.071068e-001 0.000000e+000 -7.071068e-001
      vertex  6.343933e-001 0.000000e+000 -7.730104e-001
      vertex  7.037019e-001 9.801714e-002 -7.037019e-001
    endloop
  endfacet
  facet normal -7.400608e-001 -4.900875e-002 -6.707519e-001
    outer loop
      vertex  -7.071068e-001 0.000000e+000 -7.071068e-001
      vertex  -7.037019e-001 -9.801714e-002 -7.037019e-001
      vertex  -7.730104e-001 0.000000e+000 -6.343933e-001
    endloop
  endfacet
  facet normal -6.707519e-001 4.900875e-002 -7.400608e-001
    outer loop
      vertex  -7.071068e-001 0.000000e+000 -7.071068e-001
      vertex  -7.037019e-001 9.801714e-002 -7.037019e-001
      vertex  -6.343933e-001 0.000000e+000 -7.730104e-001
    endloop
  endfacet
  facet normal -6.707519e-001 -4.900875e-002 -7.400608e-001
    outer loop
      vertex  -7.071068e-001 0.000000e+000 -7.071068e-001
      vertex  -6.343933e-001 0.000000e+000 -7.730104e-001
      vertex  -7.037019e-001 -9.801714e-002 -7.037019e-001
    endloop
  endfacet
  facet normal -7.400608e-001 4.900875e-002 -6.707519e-001
    outer loop
      vertex  -7.071068e-001 0.000000e+000 -7.071068e-001
      vertex  -7.730104e-001 0.000000e+000 -6.343933e-001
      vertex  -7.037019e-001 9.801714e-002 -7.037019e-001
    endloop
  endfacet
  facet normal 0.000000e+000 9.975953e-001 6.930888e-002
    outer loop
      vertex  0.000000e+000 1.000000e+000 0.000000e+000
      vertex  -6.930859e-002 9.951847e-001 6.930859e-002
      vertex  6.930859e-002 9.951847e-001 6.930859e-002
    endloop
  endfacet
  facet normal 6.930888e-002 9.975953e-001 0.000000e+000
    outer loop
      vertex  0.000000e+000 1.000000e+000 0.000000e+000
      vertex  6.930859e-002 9.951847e-001 6.930859e-002
      vertex  6.930859e-002 9.951847e-001 -6.930859e-002
    endloop
  endfacet
  facet normal 0.000000e+000 9.975953e-001 -6.930888e-002
    outer loop
      vertex  0.000000e+000 1.000000e+000 0.000000e+000
      vertex  6.930859e-002 9.951847e-001 -6.930859e-002
      vertex  -6.930859e-002 9.951847e-001 -6.930859e-002
    endloop
  endfacet
  facet normal -6.930888e-002 9.975953e-001 0.000000e+000
    outer loop
      vertex  0.000000e+000 1.000000e+000 0.000000e+000
      vertex  -6.930859e-002 9.951847e-001 -6.930859e-002
      vertex  -6.930859e-002 9.951847e-001 6.930859e-002
    endloop
  endfacet
  facet normal 4.418164e-001 -7.048395e-001 5.549770e-001
    outer loop
      vertex  5.000000e-001 -7.071068e-001 5.000000e-001
      vertex  4.580428e-001 -6.477703e-001 6.087614e-001
      vertex  3.826834e-001 -7.543445e-001 5.334021e-001
    endloop
  endfacet
  facet normal 4.422466e-001 -7.401861e-001 5.065003e-001
    outer loop
      vertex  5.000000e-001 -7.071068e-001 5.000000e-001
      vertex  3.826834e-001 -7.543445e-001 5.334021e-001
      vertex  4.485838e-001 -7.730104e-001 4.485838e-001
    endloop
  endfacet
  facet normal 4.912636e-001 -6.708655e-001 5.555174e-001
    outer loop
      vertex  5.000000e-001 -7.071068e-001 5.000000e-001
      vertex  5.466009e-001 -6.343933e-001 5.466009e-001
      vertex  4.580428e-001 -6.477703e-001 6.087614e-001
    endloop
  endfacet
  facet normal 4.901708e-002 -4.543399e-002 9.977640e-001
    outer loop
      vertex  0.000000e+000 0.000000e+000 1.000000e+000
      vertex  7.535933e-002 -1.065742e-001 9.914449e-001
      vertex  9.801714e-002 0.000000e+000 9.951847e-001
    endloop
  endfacet
  facet normal -4.901708e-002 -4.543399e-002 9.977640e-001
    outer loop
      vertex  0.000000e+000 0.000000e+000 1.000000e+000
      vertex  -9.801714e-002 0.000000e+000 9.951847e-001
      vertex  -7.535933e-002 -1.065742e-001 9.914449e-001
    endloop
  endfacet
  facet normal 0.000000e+000 -8.001640e-002 9.967936e-001
    outer loop
      vertex  0.000000e+000 0.000000e+000 1.000000e+000
      vertex  -7.535933e-002 -1.065742e-001 9.914449e-001
      vertex  7.535933e-002 -1.065742e-001 9.914449e-001
    endloop
  endfacet
  facet normal -4.418164e-001 -7.048395e-001 5.549770e-001
    outer loop
      vertex  -5.000000e-001 -7.071068e-001 5.000000e-001
      vertex  -3.826834e-001 -7.543445e-001 5.334021e-001
      vertex  -4.580428e-001 -6.477703e-001 6.087614e-001
    endloop
  endfacet
  facet normal -4.422466e-001 -7.401861e-001 5.065003e-001
    outer loop
      vertex  -5.000000e-001 -7.071068e-001 5.000000e-001
      vertex  -4.485838e-001 -7.730104e-001 4.485838e-001
      vertex  -3.826834e-001 -7.543445e-001 5.334021e-001
    endloop
  endfacet
  facet normal -4.912636e-001 -6.708655e-001 5.555174e-001
    outer loop
      vertex  -5.000000e-001 -7.071068e-001 5.000000e-001
      vertex  -4.580428e-001 -6.477703e-001 6.087614e-001
      vertex  -5.466009e-001 -6.343933e-001 5.466009e-001
    endloop
  endfacet
  facet normal 5.549770e-001 -7.048395e-001 -4.418164e-001
    outer loop
      vertex  5.000000e-001 -7.071068e-001 -5.000000e-001
      vertex  6.087614e-001 -6.477703e-001 -4.580428e-001
      vertex  5.334021e-001 -7.543445e-001 -3.826834e-001
    endloop
  endfacet
  facet normal 5.065002e-001 -7.401860e-001 -4.422466e-001
    outer loop
      vertex  5.000000e-001 -7.071068e-001 -5.000000e-001
      vertex  5.334021e-001 -7.543445e-001 -3.826834e-001
      vertex  4.485838e-001 -7.730104e-001 -4.485838e-001
    endloop
  endfacet
  facet normal 5.555174e-001 -6.708655e-001 -4.912636e-001
    outer loop
      vertex  5.000000e-001 -7.071068e-001 -5.000000e-001
      vertex  5.466009e-001 -6.343933e-001 -5.466009e-001
      vertex  6.087614e-001 -6.477703e-001 -4.580428e-001
    endloop
  endfacet
  facet normal 9.977640e-001 -4.543399e-002 -4.901708e-002
    outer loop
      vertex  1.000000e+000 0.000000e+000 0.000000e+000
      vertex  9.914449e-001 -1.065742e-001 -7.535933e-002
      vertex  9.951847e-001 0.000000e+000 -9.801714e-002
    endloop
  endfacet
  facet normal 9.977640e-001 -4.543399e-002 4.901708e-002
    outer loop
      vertex  1.000000e+000 0.000000e+000 0.000000e+000
      vertex  9.951847e-001 0.000000e+000 9.801714e-002
      vertex  9.914449e-001 -1.065742e-001 7.535933e-002
    endloop
  endfacet
  facet normal 9.967936e-001 -8.001640e-002 0.000000e+000
    outer loop
      vertex  1.000000e+000 0.000000e+000 0.000000e+000
      vertex  9.914449e-001 -1.065742e-001 7.535933e-002
      vertex  9.914449e-001 -1.065742e-001 -7.535933e-002
    endloop
  endfacet
  facet normal 5.549770e-001 -7.048395e-001 4.418164e-001
    outer loop
      vertex  5.000000e-001 -7.071068e-001 5.000000e-001
      vertex  5.334021e-001 -7.543445e-001 3.826834e-001
      vertex  6.087614e-001 -6.477703e-001 4.580428e-001
    endloop
  endfacet
  facet normal 5.065002e-001 -7.401860e-001 4.422466e-001
    outer loop
      vertex  5.000000e-001 -7.071068e-001 5.000000e-001
      vertex  4.485838e-001 -7.730104e-001 4.485838e-001
      vertex  5.334021e-001 -7.543445e-001 3.826834e-001
    endloop
  endfacet
  facet normal 5.555174e-001 -6.708655e-001 4.912636e-001
    outer loop
      vertex  5.000000e-001 -7.071068e-001 5.000000e-001
      vertex  6.087614e-001 -6.477703e-001 4.580428e-001
      vertex  5.466009e-001 -6.343933e-001 5.466009e-001
    endloop
  endfacet
  facet normal -4.418164e-001 -7.048395e-001 -5.549770e-001
    outer loop
      vertex  -5.000000e-001 -7.071068e-001 -5.000000e-001
      vertex  -4.580428e-001 -6.477703e-001 -6.087614e-001
      vertex  -3.826834e-001 -7.543445e-001 -5.334021e-001
    endloop
  endfacet
  facet normal -4.422466e-001 -7.401861e-001 -5.065003e-001
    outer loop
      vertex  -5.000000e-001 -7.071068e-001 -5.000000e-001
      vertex  -3.826834e-001 -7.543445e-001 -5.334021e-001
      vertex  -4.485838e-001 -7.730104e-001 -4.485838e-001
    endloop
  endfacet
  facet normal -4.912636e-001 -6.708655e-001 -5.555174e-001
    outer loop
      vertex  -5.000000e-001 -7.071068e-001 -5.000000e-001
      vertex  -5.466009e-001 -6.343933e-001 -5.466009e-001
      vertex  -4.580428e-001 -6.477703e-001 -6.087614e-001
    endloop
  endfacet
  facet normal -4.901708e-002 -4.543399e-002 -9.977640e-001
    outer loop
      vertex  0.000000e+000 0.000000e+000 -1.000000e+000
      vertex  -7.535933e-002 -1.065742e-001 -9.914449e-001
      vertex  -9.801714e-002 0.000000e+000 -9.951847e-001
    endloop
  endfacet
  facet normal 4.901708e-002 -4.543399e-002 -9.977640e-001
    outer loop
      vertex  0.000000e+000 0.000000e+000 -1.000000e+000
      vertex  9.801714e-002 0.000000e+000 -9.951847e-001
      vertex  7.535933e-002 -1.065742e-001 -9.914449e-001
    endloop
  endfacet
  facet normal 0.000000e+000 -8.001640e-002 -9.967936e-001
    outer loop
      vertex  0.000000e+000 0.000000e+000 -1.000000e+000
      vertex  7.535933e-002 -1.065742e-001 -9.914449e-001
      vertex  -7.535933e-002 -1.065742e-001 -9.914449e-001
    endloop
  endfacet
  facet normal 4.418164e-001 -7.048395e-001 -5.549770e-001
    outer loop
      vertex  5.000000e-001 -7.071068e-001 -5.000000e-001
      vertex  3.826834e-001 -7.543445e-001 -5.334021e-001
      vertex  4.580428e-001 -6.477703e-001 -6.087614e-001
    endloop
  endfacet
  facet normal 4.422466e-001 -7.401861e-001 -5.065003e-001
    outer loop
      vertex  5.000000e-001 -7.071068e-001 -5.000000e-001
      vertex  4.485838e-001 -7.730104e-001 -4.485838e-001
      vertex  3.826834e-001 -7.543445e-001 -5.334021e-001
    endloop
  endfacet
  facet normal 4.912636e-001 -6.708655e-001 -5.555174e-001
    outer loop
      vertex  5.000000e-001 -7.071068e-001 -5.000000e-001
      vertex  4.580428e-001 -6.477703e-001 -6.087614e-001
      vertex  5.466009e-001 -6.343933e-001 -5.466009e-001
    endloop
  endfacet
  facet normal -5.549770e-001 -7.048395e-001 4.418164e-001
    outer loop
      vertex  -5.000000e-001 -7.071068e-001 5.000000e-001
      vertex  -6.087614e-001 -6.477703e-001 4.580428e-001
      vertex  -5.334021e-001 -7.543445e-001 3.826834e-001
    endloop
  endfacet
  facet normal -5.065002e-001 -7.401860e-001 4.422466e-001
    outer loop
      vertex  -5.000000e-001 -7.071068e-001 5.000000e-001
      vertex  -5.334021e-001 -7.543445e-001 3.826834e-001
      vertex  -4.485838e-001 -7.730104e-001 4.485838e-001
    endloop
  endfacet
  facet normal -5.555174e-001 -6.708655e-001 4.912636e-001
    outer loop
      vertex  -5.000000e-001 -7.071068e-001 5.000000e-001
      vertex  -5.466009e-001 -6.343933e-001 5.466009e-001
      vertex  -6.087614e-001 -6.477703e-001 4.580428e-001
    endloop
  endfacet
  facet normal -9.977640e-001 -4.543399e-002 4.901708e-002
    outer loop
      vertex  -1.000000e+000 0.000000e+000 0.000000e+000
      vertex  -9.914449e-001 -1.065742e-001 7.535933e-002
      vertex  -9.951847e-001 0.000000e+000 9.801714e-002
    endloop
  endfacet
  facet normal -9.977640e-001 -4.543399e-002 -4.901708e-002
    outer loop
      vertex  -1.000000e+000 0.000000e+000 0.000000e+000
      vertex  -9.951847e-001 0.000000e+000 -9.801714e-002
      vertex  -9.914449e-001 -1.065742e-001 -7.535933e-002
    endloop
  endfacet
  facet normal -9.967936e-001 -8.001640e-002 0.000000e+000
    outer loop
      vertex  -1.000000e+000 0.000000e+000 0.000000e+000
      vertex  -9.914449e-001 -1.065742e-001 -7.535933e-002
      vertex  -9.914449e-001 -1.065742e-001 7.535933e-002
    endloop
  endfacet
  facet normal -5.549770e-001 -7.048395e-001 -4.418164e-001
    outer loop
      vertex  -5.000000e-001 -7.071068e-001 -5.000000e-001
      vertex  -5.334021e-001 -7.543445e-001 -3.826834e-001
      vertex  -6.087614e-001 -6.477703e-001 -4.580428e-001
    endloop
  endfacet
  facet normal -5.065002e-001 -7.401860e-001 -4.422466e-001
    outer loop
      vertex  -5.000000e-001 -7.071068e-001 -5.000000e-001
      vertex  -4.485838e-001 -7.730104e-001 -4.485838e-001
      vertex  -5.334021e-001 -7.543445e-001 -3.826834e-001
    endloop
  endfacet
  facet normal -5.555174e-001 -6.708655e-001 -4.912636e-001
    outer loop
      vertex  -5.000000e-001 -7.071068e-001 -5.000000e-001
      vertex  -6.087614e-001 -6.477703e-001 -4.580428e-001
      vertex  -5.466009e-001 -6.343933e-001 -5.466009e-001
    endloop
  endfacet
  facet normal -4.418164e-001 7.048395e-001 5.549770e-001
    outer loop
      vertex  -5.000000e-001 7.071068e-001 5.000000e-001
      vertex  -4.580428e-001 6.477703e-001 6.087614e-001
      vertex  -3.826834e-001 7.543445e-001 5.334021e-001
    endloop
  endfacet
  facet normal -4.422466e-001 7.401861e-001 5.065003e-001
    outer loop
      vertex  -5.000000e-001 7.071068e-001 5.000000e-001
      vertex  -3.826834e-001 7.543445e-001 5.334021e-001
      vertex  -4.485838e-001 7.730104e-001 4.485838e-001
    endloop
  endfacet
  facet normal -4.912636e-001 6.708655e-001 5.555174e-001
    outer loop
      vertex  -5.000000e-001 7.071068e-001 5.000000e-001
      vertex  -5.466009e-001 6.343933e-001 5.466009e-001
      vertex  -4.580428e-001 6.477703e-001 6.087614e-001
    endloop
  endfacet
  facet normal -4.901708e-002 4.543399e-002 9.977640e-001
    outer loop
      vertex  0.000000e+000 0.000000e+000 1.000000e+000
      vertex  -7.535933e-002 1.065742e-001 9.914449e-001
      vertex  -9.801714e-002 0.000000e+000 9.951847e-001
    endloop
  endfacet
  facet normal 4.901708e-002 4.543399e-002 9.977640e-001
    outer loop
      vertex  0.000000e+000 0.000000e+000 1.000000e+000
      vertex  9.801714e-002 0.000000e+000 9.951847e-001
      vertex  7.535933e-002 1.065742e-001 9.914449e-001
    endloop
  endfacet
  facet normal 0.000000e+000 8.001640e-002 9.967936e-001
    outer loop
      vertex  0.000000e+000 0.000000e+000 1.000000e+000
      vertex  7.535933e-002 1.065742e-001 9.914449e-001
      vertex  -7.535933e-002 1.065742e-001 9.914449e-001
    endloop
  endfacet
  facet normal 4.418164e-001 7.048395e-001 5.549770e-001
    outer loop
      vertex  5.000000e-001 7.071068e-001 5.000000e-001
      vertex  3.826834e-001 7.543445e-001 5.334021e-001
      vertex  4.580428e-001 6.477703e-001 6.087614e-001
    endloop
  endfacet
  facet normal 4.422466e-001 7.401861e-001 5.065003e-001
    outer loop
      vertex  5.000000e-001 7.071068e-001 5.000000e-001
      vertex  4.485838e-001 7.730104e-001 4.485838e-001
      vertex  3.826834e-001 7.543445e-001 5.334021e-001
    endloop
  endfacet
  facet normal 4.912636e-001 6.708655e-001 5.555174e-001
    outer loop
      vertex  5.000000e-001 7.071068e-001 5.000000e-001
      vertex  4.580428e-001 6.477703e-001 6.087614e-001
      vertex  5.466009e-001 6.343933e-001 5.466009e-001
    endloop
  endfacet
  facet normal 5.549770e-001 7.048395e-001 4.418164e-001
    outer loop
      vertex  5.000000e-001 7.071068e-001 5.000000e-001
      vertex  6.087614e-001 6.477703e-001 4.580428e-001
      vertex  5.334021e-001 7.543445e-001 3.826834e-001
    endloop
  endfacet
  facet normal 5.065002e-001 7.401860e-001 4.422466e-001
    outer loop
      vertex  5.000000e-001 7.071068e-001 5.000000e-001
      vertex  5.334021e-001 7.543445e-001 3.826834e-001
      vertex  4.485838e-001 7.730104e-001 4.485838e-001
    endloop
  endfacet
  facet normal 5.555174e-001 6.708655e-001 4.912636e-001
    outer loop
      vertex  5.000000e-001 7.071068e-001 5.000000e-001
      vertex  5.466009e-001 6.343933e-001 5.466009e-001
      vertex  6.087614e-001 6.477703e-001 4.580428e-001
    endloop
  endfacet
  facet normal 9.977640e-001 4.543399e-002 4.901708e-002
    outer loop
      vertex  1.000000e+000 0.000000e+000 0.000000e+000
      vertex  9.914449e-001 1.065742e-001 7.535933e-002
      vertex  9.951847e-001 0.000000e+000 9.801714e-002
    endloop
  endfacet
  facet normal 9.977640e-001 4.543399e-002 -4.901708e-002
    outer loop
      vertex  1.000000e+000 0.000000e+000 0.000000e+000
      vertex  9.951847e-001 0.000000e+000 -9.801714e-002
      vertex  9.914449e-001 1.065742e-001 -7.535933e-002
    endloop
  endfacet
  facet normal 9.967936e-001 8.001640e-002 0.000000e+000
    outer loop
      vertex  1.000000e+000 0.000000e+000 0.000000e+000
      vertex  9.914449e-001 1.065742e-001 -7.535933e-002
      vertex  9.914449e-001 1.065742e-001 7.535933e-002
    endloop
  endfacet
  facet normal 5.549770e-001 7.048395e-001 -4.418164e-001
    outer loop
      vertex  5.000000e-001 7.071068e-001 -5.000000e-001
      vertex  5.334021e-001 7.543445e-001 -3.826834e-001
      vertex  6.087614e-001 6.477703e-001 -4.580428e-001
    endloop
  endfacet
  facet normal 5.065002e-001 7.401860e-001 -4.422466e-001
    outer loop
      vertex  5.000000e-001 7.071068e-001 -5.000000e-001
      vertex  4.485838e-001 7.730104e-001 -4.485838e-001
      vertex  5.334021e-001 7.543445e-001 -3.826834e-001
    endloop
  endfacet
  facet normal 5.555174e-001 6.708655e-001 -4.912636e-001
    outer loop
      vertex  5.000000e-001 7.071068e-001 -5.000000e-001
      vertex  6.087614e-001 6.477703e-001 -4.580428e-001
      vertex  5.466009e-001 6.343933e-001 -5.466009e-001
    endloop
  endfacet
  facet normal 4.418164e-001 7.048395e-001 -5.549770e-001
    outer loop
      vertex  5.000000e-001 7.071068e-001 -5.000000e-001
      vertex  4.580428e-001 6.477703e-001 -6.087614e-001
      vertex  3.826834e-001 7.543445e-001 -5.334021e-001
    endloop
  endfacet
  facet normal 4.422466e-001 7.401861e-001 -5.065003e-001
    outer loop
      vertex  5.000000e-001 7.071068e-001 -5.000000e-001
      vertex  3.826834e-001 7.543445e-001 -5.334021e-001
      vertex  4.485838e-001 7.730104e-001 -4.485838e-001
    endloop
  endfacet
  facet normal 4.912636e-001 6.708655e-001 -5.555174e-001
    outer loop
      vertex  5.000000e-001 7.071068e-001 -5.000000e-001
      vertex  5.466009e-001 6.343933e-001 -5.466009e-001
      vertex  4.580428e-001 6.477703e-001 -6.087614e-001
    endloop
  endfacet
  facet normal 4.901708e-002 4.543399e-002 -9.977640e-001
    outer loop
      vertex  0.000000e+000 0.000000e+000 -1.000000e+000
      vertex  7.535933e-002 1.065742e-001 -9.914449e-001
      vertex  9.801714e-002 0.000000e+000 -9.951847e-001
    endloop
  endfacet
  facet normal -4.901708e-002 4.543399e-002 -9.977640e-001
    outer loop
      vertex  0.000000e+000 0.000000e+000 -1.000000e+000
      vertex  -9.801714e-002 0.000000e+000 -9.951847e-001
      vertex  -7.535933e-002 1.065742e-001 -9.914449e-001
    endloop
  endfacet
  facet normal 0.000000e+000 8.001640e-002 -9.967936e-001
    outer loop
      vertex  0.000000e+000 0.000000e+000 -1.000000e+000
      vertex  -7.535933e-002 1.065742e-001 -9.914449e-001
      vertex  7.535933e-002 1.065742e-001 -9.914449e-001
    endloop
  endfacet
  facet normal -4.418164e-001 7.048395e-001 -5.549770e-001
    outer loop
      vertex  -5.000000e-001 7.071068e-001 -5.000000e-001
      vertex  -3.826834e-001 7.543445e-001 -5.334021e-001
      vertex  -4.580428e-001 6.477703e-001 -6.087614e-001
    endloop
  endfacet
  facet normal -4.422466e-001 7.401861e-001 -5.065003e-001
    outer loop
      vertex  -5.000000e-001 7.071068e-001 -5.000000e-001
      vertex  -4.485838e-001 7.730104e-001 -4.485838e-001
      vertex  -3.826834e-001 7.543445e-001 -5.334021e-001
    endloop
  endfacet
  facet normal -4.912636e-001 6.708655e-001 -5.555174e-001
    outer loop
      vertex  -5.000000e-001 7.071068e-001 -5.000000e-001
      vertex  -4.580428e-001 6.477703e-001 -6.087614e-001
      vertex  -5.466009e-001 6.343933e-001 -5.466009e-001
    endloop
  endfacet
  facet normal -5.549770e-001 7.048395e-001 -4.418164e-001
    outer loop
      vertex  -5.000000e-001 7.071068e-001 -5.000000e-001
      vertex  -6.087614e-001 6.477703e-001 -4.580428e-001
      vertex  -5.334021e-001 7.543445e-001 -3.826834e-001
    endloop
  endfacet
  facet normal -5.065002e-001 7.401860e-001 -4.422466e-001
    outer loop
      vertex  -5.000000e-001 7.071068e-001 -5.000000e-001
      vertex  -5.334021e-001 7.543445e-001 -3.826834e-001
      vertex  -4.485838e-001 7.730104e-001 -4.485838e-001
    endloop
  endfacet
  facet normal -5.555174e-001 6.708655e-001 -4.912636e-001
    outer loop
      vertex  -5.000000e-001 7.071068e-001 -5.000000e-001
      vertex  -5.466009e-001 6.343933e-001 -5.466009e-001
      vertex  -6.087614e-001 6.477703e-001 -4.580428e-001
    endloop
  endfacet
  facet normal -9.977640e-001 4.543399e-002 -4.901708e-002
    outer loop
      vertex  -1.000000e+000 0.000000e+000 0.000000e+000
      vertex  -9.914449e-001 1.065742e-001 -7.535933e-002
      vertex  -9.951847e-001 0.000000e+000 -9.801714e-002
    endloop
  endfacet
  facet normal -9.977640e-001 4.543399e-002 4.901708e-002
    outer loop
      vertex  -1.000000e+000 0.000000e+000 0.000000e+000
      vertex  -9.951847e-001 0.000000e+000 9.801714e-002
      vertex  -9.914449e-001 1.065742e-001 7.535933e-002
    endloop
  endfacet
  facet normal -9.967936e-001 8.001640e-002 0.000000e+000
    outer loop
      vertex  -1.000000e+000 0.000000e+000 0.000000e+000
      vertex  -9.914449e-001 1.065742e-001 7.535933e-002
      vertex  -9.914449e-001 1.065742e-001 -7.535933e-002
    endloop
  endfacet
  facet normal -5.549770e-001 7.048395e-001 4.418164e-001
    outer loop
      vertex  -5.000000e-001 7.071068e-001 5.000000e-001
      vertex  -5.334021e-001 7.543445e-001 3.826834e-001
      vertex  -6.087614e-001 6.477703e-001 4.580428e-001
    endloop
  endfacet
  facet normal -5.065002e-001 7.401860e-001 4.422466e-001
    outer loop
      vertex  -5.000000e-001 7.071068e-001 5.000000e-001
      vertex  -4.485838e-001 7.730104e-001 4.485838e-001
      vertex  -5.334021e-001 7.543445e-001 3.826834e-001
    endloop
  endfacet
  facet normal -5.555174e-001 6.708655e-001 4.912636e-001
    outer loop
      vertex  -5.000000e-001 7.071068e-001 5.000000e-001
      vertex  -6.087614e-001 6.477703e-001 4.580428e-001
      vertex  -5.466009e-001 6.343933e-001 5.466009e-001
    endloop
  endfacet
  facet normal -3.454049e-001 -3.666170e-001 8.638793e-001
    outer loop
      vertex  -2.886751e-001 -4.082483e-001 8.660254e-001
      vertex  -3.178622e-001 -3.103066e-001 8.959205e-001
      vertex  -3.874714e-001 -4.087489e-001 8.263112e-001
    endloop
  endfacet
  facet normal -3.319448e-001 -4.456473e-001 8.313911e-001
    outer loop
      vertex  -2.886751e-001 -4.082483e-001 8.660254e-001
      vertex  -3.874714e-001 -4.087489e-001 8.263112e-001
      vertex  -3.514686e-001 -4.970516e-001 7.933533e-001
    endloop
  endfacet
  facet normal -2.665475e-001 -3.531620e-001 8.967882e-001
    outer loop
      vertex  -2.886751e-001 -4.082483e-001 8.660254e-001
      vertex  -2.209424e-001 -3.124597e-001 9.238795e-001
      vertex  -3.178622e-001 -3.103066e-001 8.959205e-001
    endloop
  endfacet
  facet normal -3.365322e-001 -4.608981e-002 9.405434e-001
    outer loop
      vertex  -3.826834e-001 0.000000e+000 9.238795e-001
      vertex  -3.651343e-001 -1.050187e-001 9.250124e-001
      vertex  -2.902847e-001 0.000000e+000 9.569404e-001
    endloop
  endfacet
  facet normal -4.270636e-001 -4.791027e-002 9.029514e-001
    outer loop
      vertex  -3.826834e-001 0.000000e+000 9.238795e-001
      vertex  -4.713967e-001 0.000000e+000 8.819213e-001
      vertex  -4.647246e-001 -1.003185e-001 8.797541e-001
    endloop
  endfacet
  facet normal -4.153218e-001 -5.961000e-002 9.077194e-001
    outer loop
      vertex  -3.826834e-001 0.000000e+000 9.238795e-001
      vertex  -4.647246e-001 -1.003185e-001 8.797541e-001
      vertex  -3.651343e-001 -1.050187e-001 9.250124e-001
    endloop
  endfacet
  facet normal -6.193697e-001 -3.481772e-001 7.036716e-001
    outer loop
      vertex  -6.532815e-001 -3.826834e-001 6.532815e-001
      vertex  -5.708140e-001 -3.958936e-001 7.193328e-001
      vertex  -6.013035e-001 -2.934702e-001 7.431752e-001
    endloop
  endfacet
  facet normal -6.059471e-001 -4.271008e-001 6.711282e-001
    outer loop
      vertex  -6.532815e-001 -3.826834e-001 6.532815e-001
      vertex  -6.236125e-001 -4.713967e-001 6.236125e-001
      vertex  -5.708140e-001 -3.958936e-001 7.193328e-001
    endloop
  endfacet
  facet normal -6.311302e-001 -3.365024e-001 6.988854e-001
    outer loop
      vertex  -6.532815e-001 -3.826834e-001 6.532815e-001
      vertex  -6.013035e-001 -2.934702e-001 7.431752e-001
      vertex  -6.766590e-001 -2.902847e-001 6.766590e-001
    endloop
  endfacet
  facet normal 8.638793e-001 -3.666170e-001 3.454049e-001
    outer loop
      vertex  8.660254e-001 -4.082483e-001 2.886751e-001
      vertex  8.959205e-001 -3.103066e-001 3.178622e-001
      vertex  8.263112e-001 -4.087489e-001 3.874714e-001
    endloop
  endfacet
  facet normal 8.313911e-001 -4.456473e-001 3.319448e-001
    outer loop
      vertex  8.660254e-001 -4.082483e-001 2.886751e-001
      vertex  8.263112e-001 -4.087489e-001 3.874714e-001
      vertex  7.933533e-001 -4.970516e-001 3.514686e-001
    endloop
  endfacet
  facet normal 8.967882e-001 -3.531620e-001 2.665475e-001
    outer loop
      vertex  8.660254e-001 -4.082483e-001 2.886751e-001
      vertex  9.238795e-001 -3.124597e-001 2.209424e-001
      vertex  8.959205e-001 -3.103066e-001 3.178622e-001
    endloop
  endfacet
  facet normal 9.405434e-001 -4.608981e-002 3.365322e-001
    outer loop
      vertex  9.238795e-001 0.000000e+000 3.826834e-001
      vertex  9.250124e-001 -1.050187e-001 3.651343e-001
      vertex  9.569404e-001 0.000000e+000 2.902847e-001
    endloop
  endfacet
  facet normal 9.029515e-001 -4.791027e-002 4.270636e-001
    outer loop
      vertex  9.238795e-001 0.000000e+000 3.826834e-001
      vertex  8.819213e-001 0.000000e+000 4.713967e-001
      vertex  8.797541e-001 -1.003185e-001 4.647246e-001
    endloop
  endfacet
  facet normal 9.077194e-001 -5.961000e-002 4.153218e-001
    outer loop
      vertex  9.238795e-001 0.000000e+000 3.826834e-001
      vertex  8.797541e-001 -1.003185e-001 4.647246e-001
      vertex  9.250124e-001 -1.050187e-001 3.651343e-001
    endloop
  endfacet
  facet normal 7.036716e-001 -3.481772e-001 6.193697e-001
    outer loop
      vertex  6.532815e-001 -3.826834e-001 6.532815e-001
      vertex  7.193328e-001 -3.958936e-001 5.708140e-001
      vertex  7.431752e-001 -2.934702e-001 6.013035e-001
    endloop
  endfacet
  facet normal 6.711282e-001 -4.271008e-001 6.059471e-001
    outer loop
      vertex  6.532815e-001 -3.826834e-001 6.532815e-001
      vertex  6.236125e-001 -4.713967e-001 6.236125e-001
      vertex  7.193328e-001 -3.958936e-001 5.708140e-001
    endloop
  endfacet
  facet normal 6.988854e-001 -3.365024e-001 6.311302e-001
    outer loop
      vertex  6.532815e-001 -3.826834e-001 6.532815e-001
      vertex  7.431752e-001 -2.934702e-001 6.013035e-001
      vertex  6.766590e-001 -2.902847e-001 6.766590e-001
    endloop
  endfacet
  facet normal 3.454049e-001 -3.666170e-001 -8.638793e-001
    outer loop
      vertex  2.886751e-001 -4.082483e-001 -8.660254e-001
      vertex  3.178622e-001 -3.103066e-001 -8.959205e-001
      vertex  3.874714e-001 -4.087489e-001 -8.263112e-001
    endloop
  endfacet
  facet normal 3.319448e-001 -4.456473e-001 -8.313911e-001
    outer loop
      vertex  2.886751e-001 -4.082483e-001 -8.660254e-001
      vertex  3.874714e-001 -4.087489e-001 -8.263112e-001
      vertex  3.514686e-001 -4.970516e-001 -7.933533e-001
    endloop
  endfacet
  facet normal 2.665475e-001 -3.531620e-001 -8.967882e-001
    outer loop
      vertex  2.886751e-001 -4.082483e-001 -8.660254e-001
      vertex  2.209424e-001 -3.124597e-001 -9.238795e-001
      vertex  3.178622e-001 -3.103066e-001 -8.959205e-001
    endloop
  endfacet
  facet normal 3.365322e-001 -4.608981e-002 -9.405434e-001
    outer loop
      vertex  3.826834e-001 0.000000e+000 -9.238795e-001
      vertex  3.651343e-001 -1.050187e-001 -9.250124e-001
      vertex  2.902847e-001 0.000000e+000 -9.569404e-001
    endloop
  endfacet
  facet normal 4.270636e-001 -4.791027e-002 -9.029514e-001
    outer loop
      vertex  3.826834e-001 0.000000e+000 -9.238795e-001
      vertex  4.713967e-001 0.000000e+000 -8.819213e-001
      vertex  4.647246e-001 -1.003185e-001 -8.797541e-001
    endloop
  endfacet
  facet normal 4.153218e-001 -5.961000e-002 -9.077194e-001
    outer loop
      vertex  3.826834e-001 0.000000e+000 -9.238795e-001
      vertex  4.647246e-001 -1.003185e-001 -8.797541e-001
      vertex  3.651343e-001 -1.050187e-001 -9.250124e-001
    endloop
  endfacet
  facet normal 6.193697e-001 -3.481772e-001 -7.036716e-001
    outer loop
      vertex  6.532815e-001 -3.826834e-001 -6.532815e-001
      vertex  5.708140e-001 -3.958936e-001 -7.193328e-001
      vertex  6.013035e-001 -2.934702e-001 -7.431752e-001
    endloop
  endfacet
  facet normal 6.059471e-001 -4.271008e-001 -6.711282e-001
    outer loop
      vertex  6.532815e-001 -3.826834e-001 -6.532815e-001
      vertex  6.236125e-001 -4.713967e-001 -6.236125e-001
      vertex  5.708140e-001 -3.958936e-001 -7.193328e-001
    endloop
  endfacet
  facet normal 6.311302e-001 -3.365024e-001 -6.988854e-001
    outer loop
      vertex  6.532815e-001 -3.826834e-001 -6.532815e-001
      vertex  6.013035e-001 -2.934702e-001 -7.431752e-001
      vertex  6.766590e-001 -2.902847e-001 -6.766590e-001
    endloop
  endfacet
  facet normal -8.638793e-001 -3.666170e-001 -3.454049e-001
    outer loop
      vertex  -8.660254e-001 -4.082483e-001 -2.886751e-001
      vertex  -8.959205e-001 -3.103066e-001 -3.178622e-001
      vertex  -8.263112e-001 -4.087489e-001 -3.874714e-001
    endloop
  endfacet
  facet normal -8.313911e-001 -4.456473e-001 -3.319448e-001
    outer loop
      vertex  -8.660254e-001 -4.082483e-001 -2.886751e-001
      vertex  -8.263112e-001 -4.087489e-001 -3.874714e-001
      vertex  -7.933533e-001 -4.970516e-001 -3.514686e-001
    endloop
  endfacet
  facet normal -8.967882e-001 -3.531620e-001 -2.665475e-001
    outer loop
      vertex  -8.660254e-001 -4.082483e-001 -2.886751e-001
      vertex  -9.238795e-001 -3.124597e-001 -2.209424e-001
      vertex  -8.959205e-001 -3.103066e-001 -3.178622e-001
    endloop
  endfacet
  facet normal -9.405434e-001 -4.608981e-002 -3.365322e-001
    outer loop
      vertex  -9.238795e-001 0.000000e+000 -3.826834e-001
      vertex  -9.250124e-001 -1.050187e-001 -3.651343e-001
      vertex  -9.569404e-001 0.000000e+000 -2.902847e-001
    endloop
  endfacet
  facet normal -9.029515e-001 -4.791027e-002 -4.270636e-001
    outer loop
      vertex  -9.238795e-001 0.000000e+000 -3.826834e-001
      vertex  -8.819213e-001 0.000000e+000 -4.713967e-001
      vertex  -8.797541e-001 -1.003185e-001 -4.647246e-001
    endloop
  endfacet
  facet normal -9.077194e-001 -5.961000e-002 -4.153218e-001
    outer loop
      vertex  -9.238795e-001 0.000000e+000 -3.826834e-001
      vertex  -8.797541e-001 -1.003185e-001 -4.647246e-001
      vertex  -9.250124e-001 -1.050187e-001 -3.651343e-001
    endloop
  endfacet
  facet normal -7.036716e-001 -3.481772e-001 -6.193697e-001
    outer loop
      vertex  -6.532815e-001 -3.826834e-001 -6.532815e-001
      vertex  -7.193328e-001 -3.958936e-001 -5.708140e-001
      vertex  -7.431752e-001 -2.934702e-001 -6.013035e-001
    endloop
  endfacet
  facet normal -6.711282e-001 -4.271008e-001 -6.059471e-001
    outer loop
      vertex  -6.532815e-001 -3.826834e-001 -6.532815e-001
      vertex  -6.236125e-001 -4.713967e-001 -6.236125e-001
      vertex  -7.193328e-001 -3.958936e-001 -5.708140e-001
    endloop
  endfacet
  facet normal -6.988854e-001 -3.365024e-001 -6.311302e-001
    outer loop
      vertex  -6.532815e-001 -3.826834e-001 -6.532815e-001
      vertex  -7.431752e-001 -2.934702e-001 -6.013035e-001
      vertex  -6.766590e-001 -2.902847e-001 -6.766590e-001
    endloop
  endfacet
  facet normal 3.454049e-001 3.666170e-001 8.638793e-001
    outer loop
      vertex  2.886751e-001 4.082483e-001 8.660254e-001
      vertex  3.178622e-001 3.103066e-001 8.959205e-001
      vertex  3.874714e-001 4.087489e-001 8.263112e-001
    endloop
  endfacet
  facet normal 3.319448e-001 4.456473e-001 8.313911e-001
    outer loop
      vertex  2.886751e-001 4.082483e-001 8.660254e-001
      vertex  3.874714e-001 4.087489e-001 8.263112e-001
      vertex  3.514686e-001 4.970516e-001 7.933533e-001
    endloop
  endfacet
  facet normal 2.665475e-001 3.531620e-001 8.967882e-001
    outer loop
      vertex  2.886751e-001 4.082483e-001 8.660254e-001
      vertex  2.209424e-001 3.124597e-001 9.238795e-001
      vertex  3.178622e-001 3.103066e-001 8.959205e-001
    endloop
  endfacet
  facet normal 3.365322e-001 4.608981e-002 9.405434e-001
    outer loop
      vertex  3.826834e-001 0.000000e+000 9.238795e-001
      vertex  3.651343e-001 1.050187e-001 9.250124e-001
      vertex  2.902847e-001 0.000000e+000 9.569404e-001
    endloop
  endfacet
  facet normal 4.270636e-001 4.791027e-002 9.029514e-001
    outer loop
      vertex  3.826834e-001 0.000000e+000 9.238795e-001
      vertex  4.713967e-001 0.000000e+000 8.819213e-001
      vertex  4.647246e-001 1.003185e-001 8.797541e-001
    endloop
  endfacet
  facet normal 4.153218e-001 5.961000e-002 9.077194e-001
    outer loop
      vertex  3.826834e-001 0.000000e+000 9.238795e-001
      vertex  4.647246e-001 1.003185e-001 8.797541e-001
      vertex  3.651343e-001 1.050187e-001 9.250124e-001
    endloop
  endfacet
  facet normal 6.193697e-001 3.481772e-001 7.036716e-001
    outer loop
      vertex  6.532815e-001 3.826834e-001 6.532815e-001
      vertex  5.708140e-001 3.958936e-001 7.193328e-001
      vertex  6.013035e-001 2.934702e-001 7.431752e-001
    endloop
  endfacet
  facet normal 6.059471e-001 4.271008e-001 6.711282e-001
    outer loop
      vertex  6.532815e-001 3.826834e-001 6.532815e-001
      vertex  6.236125e-001 4.713967e-001 6.236125e-001
      vertex  5.708140e-001 3.958936e-001 7.193328e-001
    endloop
  endfacet
  facet normal 6.311302e-001 3.365024e-001 6.988854e-001
    outer loop
      vertex  6.532815e-001 3.826834e-001 6.532815e-001
      vertex  6.013035e-001 2.934702e-001 7.431752e-001
      vertex  6.766590e-001 2.902847e-001 6.766590e-001
    endloop
  endfacet
  facet normal 8.638793e-001 3.666170e-001 -3.454049e-001
    outer loop
      vertex  8.660254e-001 4.082483e-001 -2.886751e-001
      vertex  8.959205e-001 3.103066e-001 -3.178622e-001
      vertex  8.263112e-001 4.087489e-001 -3.874714e-001
    endloop
  endfacet
  facet normal 8.313911e-001 4.456473e-001 -3.319448e-001
    outer loop
      vertex  8.660254e-001 4.082483e-001 -2.886751e-001
      vertex  8.263112e-001 4.087489e-001 -3.874714e-001
      vertex  7.933533e-001 4.970516e-001 -3.514686e-001
    endloop
  endfacet
  facet normal 8.967882e-001 3.531620e-001 -2.665475e-001
    outer loop
      vertex  8.660254e-001 4.082483e-001 -2.886751e-001
      vertex  9.238795e-001 3.124597e-001 -2.209424e-001
      vertex  8.959205e-001 3.103066e-001 -3.178622e-001
    endloop
  endfacet
  facet normal 9.405434e-001 4.608981e-002 -3.365322e-001
    outer loop
      vertex  9.238795e-001 0.000000e+000 -3.826834e-001
      vertex  9.250124e-001 1.050187e-001 -3.651343e-001
      vertex  9.569404e-001 0.000000e+000 -2.902847e-001
    endloop
  endfacet
  facet normal 9.029515e-001 4.791027e-002 -4.270636e-001
    outer loop
      vertex  9.238795e-001 0.000000e+000 -3.826834e-001
      vertex  8.819213e-001 0.000000e+000 -4.713967e-001
      vertex  8.797541e-001 1.003185e-001 -4.647246e-001
    endloop
  endfacet
  facet normal 9.077194e-001 5.961000e-002 -4.153218e-001
    outer loop
      vertex  9.238795e-001 0.000000e+000 -3.826834e-001
      vertex  8.797541e-001 1.003185e-001 -4.647246e-001
      vertex  9.250124e-001 1.050187e-001 -3.651343e-001
    endloop
  endfacet
  facet normal 7.036716e-001 3.481772e-001 -6.193697e-001
    outer loop
      vertex  6.532815e-001 3.826834e-001 -6.532815e-001
      vertex  7.193328e-001 3.958936e-001 -5.708140e-001
      vertex  7.431752e-001 2.934702e-001 -6.013035e-001
    endloop
  endfacet
  facet normal 6.711282e-001 4.271008e-001 -6.059471e-001
    outer loop
      vertex  6.532815e-001 3.826834e-001 -6.532815e-001
      vertex  6.236125e-001 4.713967e-001 -6.236125e-001
      vertex  7.193328e-001 3.958936e-001 -5.708140e-001
    endloop
